,J,T,Y,N,O,Q
J,1.0,0.88,0.82,0.4,0.35,0.36
T,0.88,1.0,0.8,0.38,0.33,0.34
Y,0.82,0.8,1.0,0.37,0.32,0.33
N,0.4,0.38,0.37,1.0,0.7,0.68
O,0.35,0.33,0.32,0.7,1.0,0.83
Q,0.36,0.34,0.33,0.68,0.83,1.0
