,T,S,O,Q,Y,J
T,1.00000 ,0.15686 ,0.42105 ,0.43396 ,0.29487 ,0.78481
S,0.15686 ,1.00000 ,0.22727 ,0.23529 ,0.33333 ,0.33333
O,0.42105 ,0.22727 ,1.00000 ,0.39474 ,0.28947 ,0.57895
Q,0.43396 ,0.23529 ,0.39474 ,1.00000 ,0.28302 ,0.60377
Y,0.29487 ,0.33333 ,0.28947 ,0.28302 ,1.00000 ,0.55128
J,0.78481 ,0.33333 ,0.57895 ,0.60377 ,0.55128 ,1.00000
